-70,-60,-74,0,0.5,0
-83,-72,-83,0,1.0,0
-74,-74,0,0,1.5,0
-71,-73,-71,0,2.0,0
-70,-84,-70,0,3.0,0
-61,-74,-71,0,3.0,0
-62,-67,-71,0,3.5,0
-62,-72,-73,0,4.0,0
-56,-73,0,0,4.5,0
-67,-77,-81,0,5.0,0
-60,-82,-75,0,5.5,0
-63,-81,-76,0,6.0,0
-75,-83,-82,0,6.5,0
-65,-77,-81,0,7.0,0
-70,-81,-84,0,7.5,0
-69,-78,-94,0,8.0,0
-70,-91,-76,0,8.5,0
-70,-88,-80,0,9.0,0
-71,-79,-75,0,9.5,0
-84,-81,-80,0,10.0,0
-65,-72,-70,0,0.5,180.0
-64,-77,-84,0,1.0,180.0
-56,-78,-74,0,1.5,180.0
-57,-74,-75,0,2.0,180.0
-67,-79,-77,0,2.5,180.0
-65,-78,-80,0,3.0,180.0
-76,-80,-79,0,3.5,180.0
-69,-78,-81,0,4.0,180.0
-60,-75,-85,0,4.5,180.0
-65,-72,-78,0,5.0,180.0
-84,-77,-81,0,5.5,180.0
-72,-81,-90,0,6.0,180.0
-72,-95,-81,0,6.5,180.0
-70,-79,-86,0,6.5,180.0
-63,-86,-92,0,7.0,180.0
0,-86,-79,0,7.5,180.0
-70,-86,-84,0,8.0,180.0
-70,-83,-81,0,8.5,180.0
-67,-81,-80,0,9.0,180.0
-68,-81,-84,0,9.5,180.0
-72,-86,-87,0,10.0,180.0
-68,-91,-80,0,0.5,0.0
0,-68,-70,0,1.0,0.0
-65,-68,-74,0,1.5,0.0
-75,-76,-68,0,2.0,0.0
-57,-73,-74,0,2.5,0.0
-68,-71,-77,0,3.0,0.0
-62,-74,-90,0,3.5,0.0
0,-79,-74,0,4.0,0.0
-59,-70,-73,0,4.0,0.0
-56,-76,-86,0,4.5,0.0
-57,-74,-71,0,5.0,0.0
-61,-93,-66,0,5.5,0.0
-68,-90,-72,0,6.0,0.0
-64,-83,-73,0,6.5,0.0
-66,-78,-74,0,7.0,0.0
-73,-89,-68,0,7.5,0.0
-70,-90,-78,0,8.0,0.0
-69,-92,-72,0,8.5,0.0
-68,-92,-84,0,9.0,0.0
-75,-95,-81,0,9.5,0.0
-68,-81,-76,0,10.0,0.0
-70,-70,-83,30.0,.5,180.0
-68,-71,-74,30.0,1.0,180.0
-65,-75,-70,30.0,1.5,180.0
-67,-79,-77,30.0,2.0,180.0
-72,-72,-77,30.0,3.0,180.0
-63,-82,-78,30.0,3.0,180.0
-76,-84,-86,30.0,3.5,180.0
-75,-88,-83,30.0,4.0,180.0
-71,-90,-76,30.0,4.5,180.0
-74,-83,-71,30.0,5.0,180.0
-76,-92,-71,30.0,5.5,180.0
-85,-87,-78,30.0,6.0,180.0
-78,-94,-83,30.0,6.5,180.0
-72,-90,-82,30.0,7.0,180.0
-75,-95,-84,30.0,7.5,180.0
-82,-94,-86,30.0,8.0,180.0
-88,-88,-87,30.0,8.5,180.0
-83,-92,-81,30.0,9.0,180.0
-85,-96,-87,30.0,9.5,180.0
-83,-91,-96,30.0,10.0,180.0
-74,-66,-78,330.0,.5,0.0
-66,-70,-75,330.0,1.0,0.0
-76,-68,-70,330.0,1.5,0.0
-74,-88,-70,330.0,2.0,0.0
-69,-74,-70,330.0,2.5,0.0
-74,-77,-79,330.0,3.0,0.0
-64,-71,-72,330.0,3.5,0.0
-69,-94,-71,330.0,4.0,0.0
-66,-81,-68,330.0,0.5,180.0
-66,-77,-70,330.0,1.0,180.0
-69,-85,-67,330.0,2.0,180.0
-76,-78,0,330.0,2.5,180.0
-63,-77,-74,330.0,3.0,180.0
-62,-80,-74,330.0,3.5,180.0
-64,-80,-72,330.0,4.0,180.0
-72,-60,-73,300.0,0.5,0.0
-71,-66,-78,300.0,1.0,0.0
-72,-70,-80,300.0,1.5,0.0
-70,-66,-82,300.0,2.0,0.0
-73,-72,-71,300.0,0.5,180.0
-65,-71,-79,300.0,.5,180.0
-61,-65,-72,300.0,1.0,180.0
-69,-67,-69,300.0,1.5,180.0
-72,-71,-76,300.0,2.0,180.0
-76,-58,-74,270.0,0.5,0.0
-71,-58,-78,270.0,1.0,0.0
-70,-61,-74,270.0,1.5,0.0
0,-64,-70,270.0,2.0,0.0
-66,0,-72,270.0,2.0,180.0
-60,-66,-71,270.0,0.5,180.0
-60,-67,-77,270.0,1.0,180.0
-61,-70,-78,270.0,1.5,180.0
-62,-70,-76,270.0,2.0,180.0
-72,-58,-72,240.0,.5,0.0
-75,-58,-78,240.0,1.0,0.0
-75,-58,-68,240.0,1.5,0.0
-72,-58,-69,240.0,2.0,0.0
-76,-60,-73,240.0,2.5,0.0
-65,-66,-74,240.0,.5,180.0
-62,-66,-73,240.0,1.0,180.0
-60,-67,-66,240.0,1.5,180.0
-63,-65,-69,240.0,2.0,180.0
-68,-70,-74,240.0,2.5,180.0
-72,-74,-74,210.0,.5,0.0
-72,-61,-71,210.0,1.0,0.0
-76,-73,-72,210.0,1.5,0.0
-75,-69,-72,210.0,2.0,0.0
-79,-73,-77,210.0,2.5,0.0
-81,-81,-73,210.0,3.0,0.0
-76,-68,-72,210.0,3.5,0.0
-78,-70,-75,210.0,4.0,0.0
-86,-74,-67,210.0,4.5,0.0
-70,-63,-73,210.0,.5,180.0
-66,-65,-82,210.0,1.0,180.0
-67,-59,-70,210.0,1.5,180.0
-63,-58,-73,210.0,2.0,180.0
-71,-65,-73,210.0,2.5,180.0
-63,-59,-70,210.0,3.0,180.0
-70,-70,-73,210.0,3.5,180.0
-66,-70,-70,210.0,4.0,180.0
-66,-76,-69,210.0,4.5,180.0
-72,0,-81,180,0.5,0.0
-72,-57,-75,180,1.0,0.0
-79,-58,-88,180,1.5,0.0
-80,-63,-72,180,2.0,0.0
-77,-67,-75,180,2.5,0.0
-79,-62,-73,180,3.0,0.0
-92,-65,-73,180,3.5,0.0
-84,-74,-82,180,4.0,0.0
-81,-63,-82,180,4.5,0.0
-77,-60,-76,180,5.0,0.0
-77,-76,-74,180,5.5,0.0
-81,-63,-86,180,6.0,0.0
-81,-66,-70,180,6.5,0.0
-83,-74,-70,180,7.0,0.0
-84,-77,-68,180,7.5,0.0
-77,-74,-66,180,8.0,0.0
-77,-70,-76,180,8.5,0.0
-79,-66,-72,180,9.0,0.0
-80,-71,-78,180,9.5,0.0
-91,-88,-72,180,10.0,0.0
-70,-66,-81,180,0.5,180.0
-62,-64,-80,180,1.0,180.0
0,-55,0,180,1.5,180.0
-65,-75,-69,180,2.0,180.0
-73,-66,-72,180,2.5,180.0
0,-60,-71,180,3.0,180.0
-69,-70,-72,180,3.5,180.0
-71,-74,-67,180,4.5,180.0
-73,-67,-78,180,5.0,180.0
-71,-70,-67,180,5.5,180.0
-71,-70,-70,180,6.0,180.0
-80,-73,-72,180,6.5,180.0
-84,-86,-72,180,7.0,180.0
-92,-82,-83,180,7.5,180.0
-86,-78,-68,180,8.0,180.0
-95,-83,-72,180,8.5,180.0
-89,-72,-71,180,9.0,180.0
-96,-78,-80,180,9.5,180.0
-87,-80,-70,180,10.0,180.0
-80,-61,-69,120.0,0.5,0.0
-70,-74,-70,120.0,1.0,0.0
-80,-75,-80,120.0,1.5,0.0
-78,-68,-75,120.0,2.0,0.0
-76,-72,-71,120.0,2.5,0.0
-81,-68,-68,120.0,3.0,0.0
-78,-62,-69,120.0,3.5,0.0
-72,-63,-70,120.0,4.0,0.0
0,-66,-64,120.0,4.5,0.0
-74,0,-63,120.0,5.0,0.0
-78,-66,-62,120.0,5.5,0.0
-79,-66,-59,120.0,6.0,0.0
-80,-72,-61,120.0,6.5,0.0
-83,0,-59,120.0,7.0,0.0
-87,-72,-61,120.0,7.5,0.0
-92,-74,-61,120.0,8.0,0.0
-80,-75,-60,120.0,8.5,0.0
-68,-67,-76,120.0,.5,180.0
-64,-58,-74,120.0,1.0,180.0
-76,-59,-76,120.0,1.5,180.0
-68,-63,-70,120.0,2.0,180.0
-76,-63,-70,120.0,2.5,180.0
-70,-66,-67,120.0,3.0,180.0
-74,-75,-67,120.0,3.5,180.0
-65,-75,-63,120.0,4.0,180.0
-68,-79,-70,120.0,4.5,180.0
-75,-68,-70,120.0,5.0,180.0
-78,-72,-72,120.0,5.5,180.0
-77,-67,-60,120.0,6.0,180.0
-83,-63,-64,120.0,6.5,180.0
-84,-69,-62,120.0,7.0,180.0
-81,-79,-70,120.0,7.5,180.0
-81,-66,-70,120.0,8.0,180.0
-73,-74,-78,60.0,0.5,0.0
-61,-69,-69,60.0,1.0,0.0
-77,-76,-73,60.0,1.5,0.0
-79,-72,-78,60.0,2.0,0.0
-72,-74,-76,60.0,0.5,180.0
-66,-70,-75,60.0,1.0,180.0
-65,-75,-77,60.0,1.5,180.0
-65,-73,-81,60.0,2.0,180.0
-77,-61,-80,150.0,0.5,0.0
-83,-67,-84,150.0,1.0,0.0
-78,-70,-71,150.0,2.0,0.0
-77,-74,-68,150.0,2.5,0.0
-90,-76,-71,150.0,3.0,0.0
-75,-78,-66,150.0,3.5,0.0
-95,-73,-67,150.0,4.0,0.0
-81,-76,-75,150.0,4.5,0.0
-81,-76,-68,150.0,5.0,0.0
-83,-90,-73,150.0,5.5,0.0
-93,-74,-68,150.0,6.0,0.0
-67,-57,-78,150.0,0.5,180.0
-68,-58,-73,150.0,1.0,180.0
-75,-62,-74,150.0,1.5,180.0
-80,-67,-71,150.0,2.5,180.0
-73,-68,-76,150.0,3.0,180.0
-73,-70,-76,150.0,3.5,180.0
-89,-73,-68,150.0,4.0,180.0
-78,-74,-69,150.0,4.5,180.0
-72,-70,-67,150.0,5.0,180.0
-75,-75,-65,150.0,5.5,180.0
-82,-74,-63,150.0,6.0,180.0
-82,-65,0,180.0,.5,0
-80,-72,-84,180.0,1.0,0
-82,-67,-82,180.0,1.5,0
-85,-65,-73,180.0,2.0,0
-89,-66,-76,180.0,2.5,0
0,-66,-72,180.0,3.0,0
-90,-69,-70,180.0,3.5,0
-82,-67,-83,180.0,4.0,0
-87,-62,-87,180.0,4.5,0
-84,-63,-79,180.0,5.0,0
-82,-80,-77,180.0,5.5,0
-81,-67,-78,180.0,6.0,0
-87,-73,-75,180.0,6.5,0
0,-70,-66,180.0,7.0,0
-83,-71,-67,180.0,7.5,0
-88,-66,-68,180.0,8.0,0
-80,-72,-70,180.0,8.5,0
-79,-72,-73,180.0,9.0,0
-77,-76,-71,180.0,9.5,0
-83,-72,-72,180.0,10.0,0
-78,-70,-90,180.0,.5,180.0
-73,-66,-78,180.0,1.0,180.0
-77,-72,-67,180.0,1.5,180.0
-87,-64,-70,180.0,2.0,180.0
-93,-70,-71,180.0,2.5,180.0
-78,-68,-74,180.0,3.0,180.0
-74,-66,-75,180.0,3.5,180.0
-82,-74,-66,180.0,4.0,180.0
-81,-76,-71,180.0,4.5,180.0
-75,-68,-70,180.0,5.0,180.0
-75,-69,-68,180.0,5.5,180.0
-84,-60,-78,180.0,6.0,180.0
-89,-70,-71,180.0,6.5,180.0
-82,-73,-77,180.0,7.0,180.0
-84,-75,-76,180.0,7.5,180.0
-88,-78,-84,180.0,8.0,180.0
-86,-79,-82,180.0,8.5,180.0
-88,-75,-80,180.0,9.0,180.0
-91,-75,-77,180.0,9.5,180.0
-84,-82,-76,180.0,10.0,180.0
-81,-71,-82,210.0,0.5,0.0
-77,-62,-72,210.0,1.0,0.0
-84,-66,-85,210.0,1.5,0.0
-86,-81,-71,210.0,2.0,0.0
-81,-67,-76,210.0,2.5,0.0
-85,-70,-70,210.0,3.0,0.0
-85,-74,-75,210.0,3.5,0.0
-92,-69,-72,210.0,4.0,0.0
-87,-70,-80,210.0,4.5,0.0
-75,-67,-84,210.0,.5,180.0
-70,-69,-72,210.0,1.0,180.0
-70,-63,-74,210.0,1.5,180.0
-70,-76,-72,210.0,2.0,180.0
-84,-70,-67,210.0,2.5,180.0
-71,-68,-77,210.0,3.0,180.0
-75,-77,-78,210.0,3.5,180.0
-72,-70,-75,210.0,4.0,180.0
-88,-68,-76,210.0,4.5,180.0
-79,-62,-76,240.0,.5,0.0
-78,-58,-72,240.0,1.0,0.0
-79,-58,-68,240.0,1.5,0.0
-86,-58,-73,240.0,2.0,0.0
-90,-60,-75,240.0,2.5,0.0
-70,-68,-78,240.0,.5,180.0
-77,-72,-76,240.0,1.0,180.0
-70,-74,-70,240.0,1.5,180.0
-86,-69,-69,240.0,2.0,180.0
-75,-67,-72,240.0,2.5,180.0
-85,-59,-76,270.0,.5,0.0
-83,-61,-72,270.0,1.0,0.0
-83,0,-71,270.0,1.5,0.0
-77,-63,-73,270.0,1.5,0.0
-76,-67,-73,270.0,2.0,0.0
-70,-73,-73,270.0,2.0,180.0
-70,-74,-81,270.0,0.5,180.0
-66,-68,-81,270.0,1.0,180.0
-77,-74,-76,270.0,1.5,180.0
-72,-68,-74,270.0,2.0,180.0
-83,-58,-83,300.0,.5,0.0
-86,-73,-86,300.0,1.0,0.0
-83,-67,-84,300.0,1.5,0.0
-71,-66,-74,300.0,2.0,0.0
-68,-65,-70,300.0,.5,180.0
-68,-70,-86,300.0,1.0,180.0
-79,-72,0,300.0,1.5,180.0
-72,-69,-79,300.0,2.0,180.0
-81,-66,-70,330.0,0.5,0.0
-90,-61,-78,330.0,0.5,0.0
-84,-63,-73,330.0,1.0,0.0
-82,-77,-66,330.0,1.5,0.0
-81,-85,-76,330.0,2.0,0.0
-70,-72,-72,330.0,2.5,0.0
-72,-76,-70,330.0,3.0,0.0
-71,-76,-71,330.0,3.5,0.0
-67,-85,-76,330.0,4.0,0.0
-72,-65,-84,330.0,0.5,180.0
-76,-77,-73,330.0,1.0,180.0
-67,-77,-71,330.0,1.5,180.0
-72,-86,-75,330.0,2.0,180.0
-66,-74,-72,330.0,2.5,180.0
-66,-84,-79,330.0,3.0,180.0
-70,-92,-82,330.0,3.5,180.0
-68,-83,-83,330.0,4.0,180.0
-81,-66,-72,0.0,0.5,0.0
-80,-65,-74,0.0,1.0,0.0
-80,-73,-88,0.0,1.5,0.0
-86,-81,-73,0.0,2.0,0.0
-74,-75,-70,0.0,2.5,0.0
-60,-70,-72,0.0,3.0,0.0
-64,-83,-81,0.0,3.5,0.0
-48,-81,-76,0.0,4.0,0.0
-49,-90,-79,0.0,4.5,0.0
-50,-80,-85,0.0,5.0,0.0
-53,-80,-90,0.0,5.5,0.0
-51,-81,-81,0.0,6.0,0.0
-54,-90,-80,0.0,6.5,0.0
-57,-78,-82,0.0,7.0,0.0
-56,-77,-90,0.0,7.5,0.0
-66,-80,-82,0.0,8.0,0.0
-54,-82,-76,0.0,8.5,0.0
-60,-81,-89,0.0,9.0,0.0
-57,-79,-76,0.0,9.5,0.0
-55,-80,-72,0.0,10.0,0.0
0,-71,-70,0.0,10.0,180.0
-79,-74,-77,0.0,0.5,180.0
-87,-68,-78,0.0,1.0,180.0
-64,-81,-73,0.0,1.5,180.0
-74,-80,-74,0.0,2.0,180.0
-61,-70,-76,0.0,2.5,180.0
-62,-74,-79,0.0,3.0,180.0
-78,-79,-88,0.0,3.5,180.0
-66,-86,-86,0.0,4.0,180.0
-66,-78,-86,0.0,4.5,180.0
-64,-81,-88,0.0,5.0,180.0
-63,-86,-94,0.0,5.5,180.0
-68,-95,0,0.0,6.0,180.0
-69,-90,-86,0.0,6.5,180.0
-70,-86,-89,0.0,7.0,180.0
-72,-93,-87,0.0,7.5,180.0
-66,-84,-88,0.0,8.0,180.0
-77,-84,-94,0.0,8.5,180.0
-70,-88,-98,0.0,9.0,180.0
-72,-81,-82,0.0,9.5,180.0
-74,-84,-87,0.0,10.0,180.0
-81,-77,-82,90.0,0.5,0.0
-78,-67,-68,90.0,1.0,0.0
-81,-75,0,90.0,1.5,0.0
-78,-66,-72,90.0,2.0,0.0
-88,-69,-70,90.0,1.5,0.0
-84,-76,-70,90.0,0.5,180.0
-73,-76,-90,90.0,1.0,180.0
-93,-68,-75,90.0,1.5,180.0
-79,-80,-78,90.0,2.0,180.0
-87,-60,-69,120.0,0.5,0.0
-87,-68,-67,120.0,1.0,0.0
-86,-63,-68,120.0,1.5,0.0
-91,-71,-68,120.0,2.0,0.0
-95,-68,-77,120.0,2.5,0.0
-87,-72,-90,120.0,3.0,0.0
-87,-78,-71,120.0,3.5,0.0
-87,-66,-70,120.0,4.0,0.0
-90,-70,-66,120.0,4.5,0.0
-93,-64,-63,120.0,5.0,0.0
-87,-67,-66,120.0,5.5,0.0
-90,-77,-61,120.0,6.0,0.0
-96,-83,-64,120.0,6.5,0.0
-85,0,-59,120.0,7.0,0.0
-91,-69,-59,120.0,7.5,0.0
-88,-69,-58,120.0,8.0,0.0
-72,-72,-73,120.0,0.5,180.0
-77,-65,-69,120.0,1.0,180.0
-80,-65,-74,120.0,1.5,180.0
-72,-67,-71,120.0,2.0,180.0
-79,-80,-68,120.0,2.5,180.0
-85,-72,-66,120.0,3.0,180.0
-77,-72,-65,120.0,3.5,180.0
-78,-77,-69,120.0,4.0,180.0
-84,-76,-77,120.0,4.5,180.0
-86,-67,-64,120.0,5.0,180.0
-82,-68,-81,120.0,5.5,180.0
-88,-77,-79,120.0,6.0,180.0
-89,-84,-60,120.0,6.5,180.0
-88,-88,-71,120.0,7.0,180.0
-82,-80,-72,120.0,7.5,180.0
0,0,0,120.0,7.5,180.0
-92,-82,-69,120.0,8.0,180.0
-76,-59,-84,150.0,0.5,0.0
-75,-58,-72,150.0,1.0,0.0
-86,-83,-74,150.0,1.5,0.0
-79,-76,-74,150.0,2.0,0.0
-86,-76,-72,150.0,2.5,0.0
-82,-77,-66,150.0,3.0,0.0
-82,-71,-73,150.0,3.5,0.0
-85,-75,-69,150.0,4.0,0.0
-87,-74,-66,150.0,4.5,0.0
-85,-78,-66,150.0,5.0,0.0
-91,-71,-82,150.0,5.5,0.0
-90,-84,-66,150.0,6.0,0.0
-70,-80,-74,150.0,0.5,180.0
-71,-67,-77,150.0,1.0,180.0
-86,-73,-75,150.0,1.5,180.0
-87,-74,-69,150.0,2.0,180.0
-86,-67,-68,150.0,2.5,180.0
-90,-70,-70,150.0,3.0,180.0
-78,-63,-69,150.0,3.5,180.0
-79,-69,-72,150.0,4.0,180.0
-82,-72,-68,150.0,4.5,180.0
-85,-68,-61,150.0,5.0,180.0
-85,-70,-62,150.0,5.5,180.0
-86,-71,-61,150.0,6.0,180.0
-79,-69,-80,30.0,0.5,0.0
-71,-72,-82,30.0,1.0,0.0
-77,-66,-90,30.0,1.5,0.0
-73,-76,-74,30.0,2.0,0.0
-66,-94,-87,30.0,2.5,0.0
-79,-75,-80,30.0,3.0,0.0
-65,-70,-73,30.0,3.5,0.0
-75,-84,-81,30.0,4.0,0.0
-69,-75,-72,30.0,4.5,0.0
-86,-78,-71,30.0,5.0,0.0
-66,-89,-70,30.0,5.5,0.0
-63,-81,-75,30.0,6.0,0.0
-75,-83,-74,30.0,6.5,0.0
-65,-80,-80,30.0,7.0,0.0
-68,-84,-79,30.0,7.5,0.0
-63,-89,-75,30.0,8.0,0.0
0,-86,-80,30.0,8.5,0.0
-72,-84,-78,30.0,8.5,0.0
-71,-84,-79,30.0,9.0,0.0
-69,-92,-86,30.0,9.5,0.0
-65,-86,-86,30.0,10.0,0.0
-74,-66,-73,30.0,0.5,180.0
-74,-73,-76,30.0,1.0,180.0
-73,-70,-78,30.0,1.5,180.0
-73,-74,-73,30.0,2.0,180.0
-78,-74,-79,30.0,2.5,180.0
-65,-72,-75,30.0,3.0,180.0
-68,-83,-79,30.0,3.5,180.0
-71,-87,-89,30.0,4.0,180.0
-76,-90,-79,30.0,4.5,180.0
-75,-83,-76,30.0,5.0,180.0
-70,-86,-72,30.0,5.5,180.0
-61,-94,-76,30.0,6.0,180.0
-65,-87,-77,30.0,6.5,180.0
-73,-95,-88,30.0,7.0,180.0
-78,-90,-79,30.0,7.5,180.0
-70,-86,-87,30.0,8.0,180.0
-73,-93,-81,30.0,8.5,180.0
-73,-90,-81,30.0,9.0,180.0
-72,-87,-90,30.0,9.5,180.0
-78,-87,-86,30.0,10.0,180.0
-77,-72,-68,60.0,0.5,0.0
-90,-72,-72,60.0,1.0,0.0
-91,-73,-68,60.0,1.5,0.0
-79,-74,-78,60.0,2.0,0.0
-71,-73,-68,60.0,0.5,180.0
-82,-80,-67,60.0,1.0,180.0
-81,-74,-68,60.0,1.5,180.0
-75,-84,-82,60.0,2.0,180.0